1364338
483112
290140
187343
181020
205228
240475
0
305224
303729
330169
373992
404638
454300
0
516495
568053
1198732
1748310
1711980
1859395
0
1735615
1566728
1490798
1344011
1353366
1444568
0
1525489
1512022
1573363
1687842
1850817
2125123
0
2341907
2482395
2606258
2541047
2455339
2600341
0
2747880
2927642
3114907
3229275
3305178
3387939
0
3587886
3893915
3833505
3865967
3973668
4073007
0
4190071
4221240
4334637
4441551
4543871
4570255
0
4613194
4640584
4672441
4660318
4679015
4751014
0
4790638
4788411
4780943
4750052
4757162
4669108
0
4549969
4472134
4358668
4295167
4222762
4188339
0
4109569
4043374
3973371
3887945
3830265
3788265
3741047
0
3690129
3609765
3572994
3556160
3485856
3425279
0
3357748
3332646
3238330
3210418
3159872
3184167
0
3128528
3124349
3100863
3061956
3056213
3062372
0
3040302
3028700
3048830
3019418
3012508
3022450
0
3005845
2954284
2919022
2882441
2853722
2811732
0
2807379
2792515
2782972
2776223
2761125
2748724
0
2729664
2709752
2696207
2678695
2641627
2592190
0
2530188
2482169
2477619
2453994
2460167
2549417
0
2726596
2733937
2821785
3115048
3225679
3656241
0
3709545
4151625
4523106
4478048
4588249
4802505
0
5436341
5522391
5697404
5279765
5341760
5861373
5786813
0
5347585
5974379
6534893
7217391
7817693
7596423
0
7385084
7213321
7505537
6981922
6097133
5134357
0
4836362
4521967
4535849
4012631
3774180
3274340
0
3271528
3001854
2958413
2758089
2854936
2701197
0
2743568
2741748
2688814
2579354
2444623
2486940
0
2386640
2340974
2263753
2260977
2209916
2226354
0
2318734
2195092
2244712
2101405
2051798
1927342
0
2038669
2095997
2004956
1970841
2067167
2670141
0
3335693
2971231
2737193
2651937
3318908
2672910
0
2354978
2729555
2686219
2733874
1826846
1634834
0
1454257
2327974
2297322
1901848
1629531
1803261
0
1447941
1340183
1197138
1236359
1378556
1063384
534862
122439
