0.0018661499023437497397914786034789358382113277912139892578125000000000
0.0024719238281250004336808689942017736029811203479766845703125000000000
0.0028259277343750002602085213965210641617886722087860107421875000000000
0.0030502319335937500867361737988403547205962240695953369140625000000000
0.0032638549804687505204170427930421283235773444175720214843750000000000
0.0035034179687500003469446951953614188823848962783813476562500000000000
0.0037796020507812498265276524023192905588075518608093261718750000000000
0.0037796020507812498265276524023192905588075518608093261718750000000000
0.0041229248046874998265276524023192905588075518608093261718750000000000
0.0044586181640625006938893903907228377647697925567626953125000000000000
0.0048171997070312506938893903907228377647697925567626953125000000000000
0.0052162170410156253469446951953614188823848962783813476562500000000000
0.0056381225585937500000000000000000000000000000000000000000000000000000
0.0061019897460937496530553048046385811176151037216186523437500000000000
0.0061019897460937496530553048046385811176151037216186523437500000000000
0.0066169738769531255204170427930421283235773444175720214843750000000000
0.0071701049804687496530553048046385811176151037216186523437500000000000
0.0082946777343750003469446951953614188823848962783813476562500000000000
0.0098495483398437517347234759768070944119244813919067382812500000000000
0.0112899780273437496530553048046385811176151037216186523437500000000000
0.0127792358398437517347234759768070944119244813919067382812500000000000
0.0127792358398437517347234759768070944119244813919067382812500000000000
0.0141120910644531236122212192185543244704604148864746093750000000000000
0.0152732849121093756938893903907228377647697925567626953125000000000000
0.0163467407226562527755575615628913510590791702270507812500000000000000
0.0172904968261718798572257327350598643533885478973388671875000000000000
0.0182205200195312486122212192185543244704604148864746093750000000000000
0.0191925048828125027755575615628913510590791702270507812500000000000000
0.0191925048828125027755575615628913510590791702270507812500000000000000
0.0201988220214843784694469519536141888238489627838134765625000000000000
0.0211769104003906270816681711721685132943093776702880859375000000000000
0.0221763610839843770816681711721685132943093776702880859375000000000000
0.0232299804687500013877787807814456755295395851135253906250000000000000
0.0243652343749999993061106096092771622352302074432373046875000000000000
0.0256454467773437541633363423443370265886187553405761718750000000000000
0.0256454467773437541633363423443370265886187553405761718750000000000000
0.0270301818847656291633363423443370265886187553405761718750000000000000
0.0284729003906250000000000000000000000000000000000000000000000000000000
0.0299621582031249986122212192185543244704604148864746093750000000000000
0.0313934326171875083266726846886740531772375106811523437500000000000000
0.0327590942382812444488848768742172978818416595458984375000000000000000
0.0341896057128906333266726846886740531772375106811523437500000000000000
0.0341896057128906333266726846886740531772375106811523437500000000000000
0.0356857299804687611022302462515654042363166809082031250000000000000000
0.0372657775878906388777878078144567552953958511352539062500000000000000
0.0389343261718750055511151231257827021181583404541015625000000000000000
0.0406532287597656388777878078144567552953958511352539062500000000000000
0.0424057006835937555511151231257827021181583404541015625000000000000000
0.0441970825195312500000000000000000000000000000000000000000000000000000
0.0441970825195312500000000000000000000000000000000000000000000000000000
0.0460945129394531305511151231257827021181583404541015625000000000000000
0.0481575012207031277755575615628913510590791702270507812500000000000000
0.0501991271972656305511151231257827021181583404541015625000000000000000
0.0522735595703125027755575615628913510590791702270507812500000000000000
0.0544296264648437486122212192185543244704604148864746093750000000000000
0.0566726684570312486122212192185543244704604148864746093750000000000000
0.0566726684570312486122212192185543244704604148864746093750000000000000
0.0590248107910156250000000000000000000000000000000000000000000000000000
0.0614524841308593666733273153113259468227624893188476562500000000000000
0.0640228271484375027755575615628913510590791702270507812500000000000000
0.0667602539062500111022302462515654042363166809082031250000000000000000
0.0697021484375000000000000000000000000000000000000000000000000000000000
0.0728546142578125055511151231257827021181583404541015625000000000000000
0.0728546142578125055511151231257827021181583404541015625000000000000000
0.0763107299804687555511151231257827021181583404541015625000000000000000
0.0802108764648437611022302462515654042363166809082031250000000000000000
0.0848785400390625055511151231257827021181583404541015625000000000000000
0.0913421630859375111022302462515654042363166809082031250000000000000000
0.1083572387695312666533453693773481063544750213623046875000000000000000
0.1150421142578125083266726846886740531772375106811523437500000000000000
0.1150421142578125083266726846886740531772375106811523437500000000000000
0.1198333740234374944488848768742172978818416595458984375000000000000000
0.1238433837890625111022302462515654042363166809082031250000000000000000
0.1274055480957030916933092612453037872910499572753906250000000000000000
0.1306587219238281583066907387546962127089500427246093750000000000000000
0.1337142944335937555511151231257827021181583404541015625000000000000000
0.1365684509277343972044604925031308084726333618164062500000000000000000
0.1365684509277343972044604925031308084726333618164062500000000000000000
0.1392440795898437777555756156289135105907917022705078125000000000000000
0.1417953491210937611022302462515654042363166809082031250000000000000000
0.1442237854003906027955395074968691915273666381835937500000000000000000
0.1465728759765625444089209850062616169452667236328125000000000000000000
0.1488510131835937833066907387546962127089500427246093750000000000000000
0.1510871887207031472044604925031308084726333618164062500000000000000000
0.1510871887207031472044604925031308084726333618164062500000000000000000
0.1532684326171874777955395074968691915273666381835937500000000000000000
0.1554069519042969305111512312578270211815834045410156250000000000000000
0.1575080871582031361022302462515654042363166809082031250000000000000000
0.1595687866210937777555756156289135105907917022705078125000000000000000
0.1616104125976562666533453693773481063544750213623046875000000000000000
0.1636459350585937611022302462515654042363166809082031250000000000000000
0.1656784057617187722044604925031308084726333618164062500000000000000000
0.1656784057617187722044604925031308084726333618164062500000000000000000
0.1677108764648437555511151231257827021181583404541015625000000000000000
0.1697326660156250055511151231257827021181583404541015625000000000000000
0.1717742919921875222044604925031308084726333618164062500000000000000000
0.1738555908203125444089209850062616169452667236328125000000000000000000
0.1759529113769531250000000000000000000000000000000000000000000000000000
0.1780807495117187611022302462515654042363166809082031250000000000000000
0.1780807495117187611022302462515654042363166809082031250000000000000000
0.1802474975585937611022302462515654042363166809082031250000000000000000
0.1824943542480468861022302462515654042363166809082031250000000000000000
0.1847946166992187611022302462515654042363166809082031250000000000000000
0.1872207641601562333466546306226518936455249786376953125000000000000000
0.1897987365722655916933092612453037872910499572753906250000000000000000
0.1926635742187500222044604925031308084726333618164062500000000000000000
0.1926635742187500222044604925031308084726333618164062500000000000000000
0.1958816528320312666533453693773481063544750213623046875000000000000000
0.1998123168945312722044604925031308084726333618164062500000000000000000
0.2044288635253906361022302462515654042363166809082031250000000000000000
0.2091346740722656305511151231257827021181583404541015625000000000000000
0.2139892578125000000000000000000000000000000000000000000000000000000000
0.2190246582031250000000000000000000000000000000000000000000000000000000
0.2190246582031250000000000000000000000000000000000000000000000000000000
0.2242088317871093750000000000000000000000000000000000000000000000000000
0.2295738220214843805511151231257827021181583404541015625000000000000000
0.2351997375488281416533453693773481063544750213623046875000000000000000
0.2410156250000000111022302462515654042363166809082031250000000000000000
0.2470947265625000333066907387546962127089500427246093750000000000000000
0.2534988403320312388977697537484345957636833190917968750000000000000000
0.2534988403320312388977697537484345957636833190917968750000000000000000
0.2602188110351563166133814775093924254179000854492187500000000000000000
0.2672088623046874333866185224906075745820999145507812500000000000000000
0.2745559692382812388977697537484345957636833190917968750000000000000000
0.2823150634765625444089209850062616169452667236328125000000000000000000
0.2905822753906249777955395074968691915273666381835937500000000000000000
0.2994262695312499555910790149937383830547332763671875000000000000000000
0.2994262695312499555910790149937383830547332763671875000000000000000000
0.3091033935546874111821580299874767661094665527343750000000000000000000
0.3198242187500000555111512312578270211815834045410156250000000000000000
0.3319458007812499111821580299874767661094665527343750000000000000000000
0.3460998535156249444888487687421729788184165954589843750000000000000000
0.3633666992187499777955395074968691915273666381835937500000000000000000
0.3865295410156249777955395074968691915273666381835937500000000000000000
0.3865295410156249777955395074968691915273666381835937500000000000000000
0.4276367187500000333066907387546962127089500427246093750000000000000000
0.5885864257812499777955395074968691915273666381835937500000000000000000
0.6208312988281250444089209850062616169452667236328125000000000000000000
0.6413848876953125444089209850062616169452667236328125000000000000000000
0.6570495605468751332267629550187848508358001708984375000000000000000000
0.6698623657226561167732370449812151491641998291015625000000000000000000
0.6698623657226561167732370449812151491641998291015625000000000000000000
0.6807388305664061611821580299874767661094665527343750000000000000000000
0.6902694702148437500000000000000000000000000000000000000000000000000000
0.6989120483398438832267629550187848508358001708984375000000000000000000
0.7067947387695312500000000000000000000000000000000000000000000000000000
0.7141326904296876332267629550187848508358001708984375000000000000000000
0.7212417602539065164535259100375697016716003417968750000000000000000000
0.7212417602539065164535259100375697016716003417968750000000000000000000
0.7283691406250000222044604925031308084726333618164062500000000000000000
0.7350982666015626332267629550187848508358001708984375000000000000000000
0.7416580200195315164535259100375697016716003417968750000000000000000000
0.7485107421875001332267629550187848508358001708984375000000000000000000
0.7552307128906250444089209850062616169452667236328125000000000000000000
0.7624404907226562944089209850062616169452667236328125000000000000000000
0.7624404907226562944089209850062616169452667236328125000000000000000000
0.7693733215332032582267629550187848508358001708984375000000000000000000
0.7767318725585938832267629550187848508358001708984375000000000000000000
0.7843261718749999777955395074968691915273666381835937500000000000000000
0.7914649963378905805910790149937383830547332763671875000000000000000000
0.7984344482421875666133814775093924254179000854492187500000000000000000
0.8046569824218750000000000000000000000000000000000000000000000000000000
0.8046569824218750000000000000000000000000000000000000000000000000000000
0.8098693847656249777955395074968691915273666381835937500000000000000000
0.8142913818359374111821580299874767661094665527343750000000000000000000
0.8183433532714845526356839400250464677810668945312500000000000000000000
0.8218009948730469194089209850062616169452667236328125000000000000000000
0.8250961303710938610223024625156540423631668090820312500000000000000000
0.8285423278808592417732370449812151491641998291015625000000000000000000
0.8318176269531250000000000000000000000000000000000000000000000000000000
0.8318176269531250000000000000000000000000000000000000000000000000000000
0.8347640991210938388178419700125232338905334472656250000000000000000000
0.8379905700683594194089209850062616169452667236328125000000000000000000
0.8414710998535157582267629550187848508358001708984375000000000000000000
0.8452892303466797985223024625156540423631668090820312500000000000000000
0.8494346618652344194089209850062616169452667236328125000000000000000000
0.8535171508789063388178419700125232338905334472656250000000000000000000
0.8535171508789063388178419700125232338905334472656250000000000000000000
0.8575859069824218750000000000000000000000000000000000000000000000000000
0.8617088317871093305910790149937383830547332763671875000000000000000000
0.8662384033203125444089209850062616169452667236328125000000000000000000
0.8707847595214843750000000000000000000000000000000000000000000000000000
0.8751655578613282138178419700125232338905334472656250000000000000000000
0.8793350219726562277955395074968691915273666381835937500000000000000000
0.8793350219726562277955395074968691915273666381835937500000000000000000
0.8839767456054686833866185224906075745820999145507812500000000000000000
0.8897140502929687944089209850062616169452667236328125000000000000000000
0.9059326171875000666133814775093924254179000854492187500000000000000000
0.9128219604492188166133814775093924254179000854492187500000000000000000
0.9171066284179687500000000000000000000000000000000000000000000000000000
0.9202056884765625888178419700125232338905334472656250000000000000000000
0.9202056884765625888178419700125232338905334472656250000000000000000000
0.9229675292968749777955395074968691915273666381835937500000000000000000
0.9253013610839844194089209850062616169452667236328125000000000000000000
0.9274612426757813388178419700125232338905334472656250000000000000000000
0.9293762207031250888178419700125232338905334472656250000000000000000000
0.9312774658203124555910790149937383830547332763671875000000000000000000
0.9330139160156251110223024625156540423631668090820312500000000000000000
0.9330139160156251110223024625156540423631668090820312500000000000000000
0.9347244262695311167732370449812151491641998291015625000000000000000000
0.9363899230957031250000000000000000000000000000000000000000000000000000
0.9379859924316407138178419700125232338905334472656250000000000000000000
0.9394866943359374555910790149937383830547332763671875000000000000000000
0.9408859252929687722044604925031308084726333618164062500000000000000000
0.9422897338867187722044604925031308084726333618164062500000000000000000
0.9422897338867187722044604925031308084726333618164062500000000000000000
0.9436195373535156694089209850062616169452667236328125000000000000000000
0.9449104309082032582267629550187848508358001708984375000000000000000000
0.9461471557617187055910790149937383830547332763671875000000000000000000
0.9473731994628906694089209850062616169452667236328125000000000000000000
0.9485633850097656694089209850062616169452667236328125000000000000000000
0.9497558593749999555910790149937383830547332763671875000000000000000000
0.9497558593749999555910790149937383830547332763671875000000000000000000
0.9509925842285156250000000000000000000000000000000000000000000000000000
0.9521591186523438166133814775093924254179000854492187500000000000000000
0.9533485412597657582267629550187848508358001708984375000000000000000000
0.9544601440429686389776975374843459576368331909179687500000000000000000
0.9555450439453123667732370449812151491641998291015625000000000000000000
0.9565635681152342417732370449812151491641998291015625000000000000000000
0.9565635681152342417732370449812151491641998291015625000000000000000000
0.9576423645019529473643160599749535322189331054687500000000000000000000
0.9587524414062500444089209850062616169452667236328125000000000000000000
0.9598175048828123667732370449812151491641998291015625000000000000000000
0.9608673095703124111821580299874767661094665527343750000000000000000000
0.9619720458984375444089209850062616169452667236328125000000000000000000
0.9634071350097654917732370449812151491641998291015625000000000000000000
0.9634071350097654917732370449812151491641998291015625000000000000000000
0.9652153015136719638178419700125232338905334472656250000000000000000000
0.9668441772460937277955395074968691915273666381835937500000000000000000
0.9683624267578125888178419700125232338905334472656250000000000000000000
0.9698532104492187944089209850062616169452667236328125000000000000000000
0.9717506408691407582267629550187848508358001708984375000000000000000000
0.9733085632324218750000000000000000000000000000000000000000000000000000
0.9733085632324218750000000000000000000000000000000000000000000000000000
0.9747077941894530805910790149937383830547332763671875000000000000000000
0.9763656616210937277955395074968691915273666381835937500000000000000000
0.9780395507812498223643160599749535322189331054687500000000000000000000
0.9797950744628907138178419700125232338905334472656250000000000000000000
0.9810020446777343305910790149937383830547332763671875000000000000000000
0.9821090698242187500000000000000000000000000000000000000000000000000000
0.9821090698242187500000000000000000000000000000000000000000000000000000
0.9831161499023436389776975374843459576368331909179687500000000000000000
0.9847824096679687055910790149937383830547332763671875000000000000000000
0.9865005493164062944089209850062616169452667236328125000000000000000000
0.9879913330078125000000000000000000000000000000000000000000000000000000
0.9893264770507812500000000000000000000000000000000000000000000000000000
0.9908813476562501332267629550187848508358001708984375000000000000000000
0.9908813476562501332267629550187848508358001708984375000000000000000000
0.9921997070312500444089209850062616169452667236328125000000000000000000
0.9934890747070312944089209850062616169452667236328125000000000000000000
0.9947097778320314054312234475219156593084335327148437500000000000000000
0.9960540771484376332267629550187848508358001708984375000000000000000000
0.9976837158203124555910790149937383830547332763671875000000000000000000
0.9990692138671875000000000000000000000000000000000000000000000000000000
0.9998214721679686833866185224906075745820999145507812500000000000000000
0.9999992370605468305910790149937383830547332763671875000000000000000000
