0.0019523620605468746096872179052184037573169916868209838867187500000000
0.0026229858398437505204170427930421283235773444175720214843750000000000
0.0030189514160156249132638262011596452794037759304046630859375000000000
0.0032730102539062500000000000000000000000000000000000000000000000000000
0.0035179138183593747397914786034789358382113277912139892578125000000000
0.0037925720214843747397914786034789358382113277912139892578125000000000
0.0041130065917968743061106096092771622352302074432373046875000000000000
0.0041130065917968743061106096092771622352302074432373046875000000000000
0.0045169830322265630204170427930421283235773444175720214843750000000000
0.0049140930175781243061106096092771622352302074432373046875000000000000
0.0053432464599609376734723475976807094411924481391906738281250000000000
0.0058250427246093750000000000000000000000000000000000000000000000000000
0.0063388824462890618061106096092771622352302074432373046875000000000000
0.0069099426269531236122212192185543244704604148864746093750000000000000
0.0069099426269531236122212192185543244704604148864746093750000000000000
0.0075531005859374982652765240231929055880755186080932617187500000000000
0.0082489013671874986122212192185543244704604148864746093750000000000000
0.0096908569335937486122212192185543244704604148864746093750000000000000
0.0117279052734375003469446951953614188823848962783813476562500000000000
0.0136573791503906243061106096092771622352302074432373046875000000000000
0.0156898498535156250000000000000000000000000000000000000000000000000000
0.0156898498535156250000000000000000000000000000000000000000000000000000
0.0175346374511718763877787807814456755295395851135253906250000000000000
0.0191608428955078076427742672649401356466114521026611328125000000000000
0.0206783294677734368061106096092771622352302074432373046875000000000000
0.0220230102539062493061106096092771622352302074432373046875000000000000
0.0233551025390624986122212192185543244704604148864746093750000000000000
0.0247570037841796895816681711721685132943093776702880859375000000000000
0.0247570037841796895816681711721685132943093776702880859375000000000000
0.0262161254882812520816681711721685132943093776702880859375000000000000
0.0276420593261718708366636576556629734113812446594238281250000000000000
0.0291069030761718708366636576556629734113812446594238281250000000000000
0.0306575775146484333366636576556629734113812446594238281250000000000000
0.0323352813720702986222121921855432447046041488647460937500000000000000
0.0342361450195312472244424384371086489409208297729492187500000000000000
0.0342361450195312472244424384371086489409208297729492187500000000000000
0.0363029479980468763877787807814456755295395851135253906250000000000000
0.0384647369384765597244424384371086489409208297729492187500000000000000
0.0407054901123046902755575615628913510590791702270507812500000000000000
0.0428672790527343736122212192185543244704604148864746093750000000000000
0.0449363708496093791633363423443370265886187553405761718750000000000000
0.0471096038818359236222121921855432447046041488647460937500000000000000
0.0471096038818359236222121921855432447046041488647460937500000000000000
0.0493904113769531236122212192185543244704604148864746093750000000000000
0.0518051147460937416733273153113259468227624893188476562500000000000000
0.0543617248535156263877787807814456755295395851135253906250000000000000
0.0570018768310546763977697537484345957636833190917968750000000000000000
0.0596992492675781083466546306226518936455249786376953125000000000000000
0.0624629974365234208466546306226518936455249786376953125000000000000000
0.0624629974365234208466546306226518936455249786376953125000000000000000
0.0653961181640624888977697537484345957636833190917968750000000000000000
0.0685913085937499833466546306226518936455249786376953125000000000000000
0.0717590332031250027755575615628913510590791702270507812500000000000000
0.0749851226806640680511151231257827021181583404541015625000000000000000
0.0783416748046875111022302462515654042363166809082031250000000000000000
0.0818389892578124944488848768742172978818416595458984375000000000000000
0.0818389892578124944488848768742172978818416595458984375000000000000000
0.0855113983154296847244424384371086489409208297729492187500000000000000
0.0893074035644531305511151231257827021181583404541015625000000000000000
0.0933311462402343916533453693773481063544750213623046875000000000000000
0.0976215362548828041733273153113259468227624893188476562500000000000000
0.1022369384765624833466546306226518936455249786376953125000000000000000
0.1071887969970703041733273153113259468227624893188476562500000000000000
0.1071887969970703041733273153113259468227624893188476562500000000000000
0.1126258850097656138977697537484345957636833190917968750000000000000000
0.1187644958496093527955395074968691915273666381835937500000000000000000
0.1261207580566406083466546306226518936455249786376953125000000000000000
0.1363220214843750000000000000000000000000000000000000000000000000000000
0.1632064819335937722044604925031308084726333618164062500000000000000000
0.1737556457519531527555756156289135105907917022705078125000000000000000
0.1737556457519531527555756156289135105907917022705078125000000000000000
0.1813041687011718583466546306226518936455249786376953125000000000000000
0.1876167297363281472044604925031308084726333618164062500000000000000000
0.1932186126708984597044604925031308084726333618164062500000000000000000
0.1983283996582031472044604925031308084726333618164062500000000000000000
0.2031234741210937166933092612453037872910499572753906250000000000000000
0.2075958251953124722444243843710864894092082977294921875000000000000000
0.2075958251953124722444243843710864894092082977294921875000000000000000
0.2117832183837890513977697537484345957636833190917968750000000000000000
0.2157703399658202902955395074968691915273666381835937500000000000000000
0.2195594787597655861421941381195210851728916168212890625000000000000000
0.2232204437255859152955395074968691915273666381835937500000000000000000
0.2267635345458984263977697537484345957636833190917968750000000000000000
0.2302368164062499888977697537484345957636833190917968750000000000000000
0.2302368164062499888977697537484345957636833190917968750000000000000000
0.2336174011230468527955395074968691915273666381835937500000000000000000
0.2369247436523437277955395074968691915273666381835937500000000000000000
0.2401668548583983930910790149937383830547332763671875000000000000000000
0.2433403015136718361421941381195210851728916168212890625000000000000000
0.2464748382568359152955395074968691915273666381835937500000000000000000
0.2495899200439452569888487687421729788184165954589843750000000000000000
0.2526889801025389292732370449812151491641998291015625000000000000000000
0.2526889801025389292732370449812151491641998291015625000000000000000000
0.2557765960693358930910790149937383830547332763671875000000000000000000
0.2588344573974609152955395074968691915273666381835937500000000000000000
0.2619071960449218527955395074968691915273666381835937500000000000000000
0.2650199890136718527955395074968691915273666381835937500000000000000000
0.2681350708007811944888487687421729788184165954589843750000000000000000
0.2712707519531249444888487687421729788184165954589843750000000000000000
0.2712707519531249444888487687421729788184165954589843750000000000000000
0.2744316101074218972044604925031308084726333618164062500000000000000000
0.2776702880859375222044604925031308084726333618164062500000000000000000
0.2809341430664062388977697537484345957636833190917968750000000000000000
0.2843101501464843083866185224906075745820999145507812500000000000000000
0.2878028869628905805910790149937383830547332763671875000000000000000000
0.2915393829345703236022302462515654042363166809082031250000000000000000
0.2915393829345703236022302462515654042363166809082031250000000000000000
0.2954887390136718972044604925031308084726333618164062500000000000000000
0.2998111724853514958866185224906075745820999145507812500000000000000000
0.3044128417968750000000000000000000000000000000000000000000000000000000
0.3090652465820312722044604925031308084726333618164062500000000000000000
0.3138244628906250444089209850062616169452667236328125000000000000000000
0.3187194824218749777955395074968691915273666381835937500000000000000000
0.3187194824218749777955395074968691915273666381835937500000000000000000
0.3237136840820311611821580299874767661094665527343750000000000000000000
0.3288330078124999111821580299874767661094665527343750000000000000000000
0.3341461181640624777955395074968691915273666381835937500000000000000000
0.3395812988281249333866185224906075745820999145507812500000000000000000
0.3451934814453125333066907387546962127089500427246093750000000000000000
0.3510375976562499777955395074968691915273666381835937500000000000000000
0.3510375976562499777955395074968691915273666381835937500000000000000000
0.3570861816406250000000000000000000000000000000000000000000000000000000
0.3632904052734374777955395074968691915273666381835937500000000000000000
0.3697113037109375222044604925031308084726333618164062500000000000000000
0.3763793945312500222044604925031308084726333618164062500000000000000000
0.3833557128906249777955395074968691915273666381835937500000000000000000
0.3906616210937500222044604925031308084726333618164062500000000000000000
0.3906616210937500222044604925031308084726333618164062500000000000000000
0.3984832763671875000000000000000000000000000000000000000000000000000000
0.4069091796875000666133814775093924254179000854492187500000000000000000
0.4161499023437500444089209850062616169452667236328125000000000000000000
0.4265136718750000555111512312578270211815834045410156250000000000000000
0.4385253906250000111022302462515654042363166809082031250000000000000000
0.4534790039062499555910790149937383830547332763671875000000000000000000
0.4534790039062499555910790149937383830547332763671875000000000000000000
0.4763061523437500111022302462515654042363166809082031250000000000000000
0.5320922851562499555910790149937383830547332763671875000000000000000000
0.5511230468750001332267629550187848508358001708984375000000000000000000
0.5647033691406250222044604925031308084726333618164062500000000000000000
0.5757507324218749111821580299874767661094665527343750000000000000000000
0.5852111816406248001598555674718227237462997436523437500000000000000000
0.5852111816406248001598555674718227237462997436523437500000000000000000
0.5935241699218749555910790149937383830547332763671875000000000000000000
0.6010192871093750222044604925031308084726333618164062500000000000000000
0.6079803466796873667732370449812151491641998291015625000000000000000000
0.6144592285156250666133814775093924254179000854492187500000000000000000
0.6206054687500000000000000000000000000000000000000000000000000000000000
0.6266632080078125000000000000000000000000000000000000000000000000000000
0.6266632080078125000000000000000000000000000000000000000000000000000000
0.6328338623046874111821580299874767661094665527343750000000000000000000
0.6387451171875000444089209850062616169452667236328125000000000000000000
0.6445953369140624555910790149937383830547332763671875000000000000000000
0.6507873535156248889776975374843459576368331909179687500000000000000000
0.6569458007812498667732370449812151491641998291015625000000000000000000
0.6636428833007811389776975374843459576368331909179687500000000000000000
0.6636428833007811389776975374843459576368331909179687500000000000000000
0.6701690673828124555910790149937383830547332763671875000000000000000000
0.6771896362304685723643160599749535322189331054687500000000000000000000
0.6845336914062500888178419700125232338905334472656250000000000000000000
0.6915267944335937722044604925031308084726333618164062500000000000000000
0.6984374999999999333866185224906075745820999145507812500000000000000000
0.7051509857177733486821580299874767661094665527343750000000000000000000
0.7051509857177733486821580299874767661094665527343750000000000000000000
0.7117553710937499777955395074968691915273666381835937500000000000000000
0.7177841186523437055910790149937383830547332763671875000000000000000000
0.7235324859619141069089209850062616169452667236328125000000000000000000
0.7285552978515624777955395074968691915273666381835937500000000000000000
0.7334201812744141069089209850062616169452667236328125000000000000000000
0.7385688781738279917732370449812151491641998291015625000000000000000000
0.7435092926025390625000000000000000000000000000000000000000000000000000
0.7435092926025390625000000000000000000000000000000000000000000000000000
0.7479850769042968305910790149937383830547332763671875000000000000000000
0.7529151916503905583866185224906075745820999145507812500000000000000000
0.7582595825195310723643160599749535322189331054687500000000000000000000
0.7641510009765625222044604925031308084726333618164062500000000000000000
0.7705734252929685723643160599749535322189331054687500000000000000000000
0.7769203186035155139776975374843459576368331909179687500000000000000000
0.7769203186035155139776975374843459576368331909179687500000000000000000
0.7832637786865235263178419700125232338905334472656250000000000000000000
0.7897079467773437944089209850062616169452667236328125000000000000000000
0.7968032836914060723643160599749535322189331054687500000000000000000000
0.8039375305175779917732370449812151491641998291015625000000000000000000
0.8108222961425781694089209850062616169452667236328125000000000000000000
0.8173866271972655139776975374843459576368331909179687500000000000000000
0.8173866271972655139776975374843459576368331909179687500000000000000000
0.8246994018554687500000000000000000000000000000000000000000000000000000
0.8337493896484374777955395074968691915273666381835937500000000000000000
0.8593750000000000000000000000000000000000000000000000000000000000000000
0.8702537536621093305910790149937383830547332763671875000000000000000000
0.8770080566406250888178419700125232338905334472656250000000000000000000
0.8818901062011718083866185224906075745820999145507812500000000000000000
0.8818901062011718083866185224906075745820999145507812500000000000000000
0.8862400054931640625000000000000000000000000000000000000000000000000000
0.8899112701416014292732370449812151491641998291015625000000000000000000
0.8933067321777342639776975374843459576368331909179687500000000000000000
0.8963153839111328569089209850062616169452667236328125000000000000000000
0.8993000030517577236821580299874767661094665527343750000000000000000000
0.9020248413085938388178419700125232338905334472656250000000000000000000
0.9020248413085938388178419700125232338905334472656250000000000000000000
0.9047073364257811611821580299874767661094665527343750000000000000000000
0.9073154449462892401356839400250464677810668945312500000000000000000000
0.9098136901855468083866185224906075745820999145507812500000000000000000
0.9121620178222656916133814775093924254179000854492187500000000000000000
0.9143489837646485707267629550187848508358001708984375000000000000000000
0.9165416717529297763178419700125232338905334472656250000000000000000000
0.9165416717529297763178419700125232338905334472656250000000000000000000
0.9186176300048827236821580299874767661094665527343750000000000000000000
0.9206295013427734375000000000000000000000000000000000000000000000000000
0.9225566864013672319089209850062616169452667236328125000000000000000000
0.9244655609130858486821580299874767661094665527343750000000000000000000
0.9263172149658203125000000000000000000000000000000000000000000000000000
0.9281700134277343083866185224906075745820999145507812500000000000000000
0.9281700134277343083866185224906075745820999145507812500000000000000000
0.9300903320312500222044604925031308084726333618164062500000000000000000
0.9318984985351563832267629550187848508358001708984375000000000000000000
0.9337421417236329013178419700125232338905334472656250000000000000000000
0.9354621887207030805910790149937383830547332763671875000000000000000000
0.9371387481689454901356839400250464677810668945312500000000000000000000
0.9387111663818359375000000000000000000000000000000000000000000000000000
0.9387111663818359375000000000000000000000000000000000000000000000000000
0.9403751373291018289535259100375697016716003417968750000000000000000000
0.9420848846435547763178419700125232338905334472656250000000000000000000
0.9437225341796875444089209850062616169452667236328125000000000000000000
0.9453338623046875222044604925031308084726333618164062500000000000000000
0.9470275878906251332267629550187848508358001708984375000000000000000000
0.9492237091064454901356839400250464677810668945312500000000000000000000
0.9492237091064454901356839400250464677810668945312500000000000000000000
0.9519840240478516513178419700125232338905334472656250000000000000000000
0.9544605255126954457267629550187848508358001708984375000000000000000000
0.9567630767822263848643160599749535322189331054687500000000000000000000
0.9590152740478516957267629550187848508358001708984375000000000000000000
0.9618705749511718972044604925031308084726333618164062500000000000000000
0.9642040252685546430910790149937383830547332763671875000000000000000000
0.9642040252685546430910790149937383830547332763671875000000000000000000
0.9662891387939454013178419700125232338905334472656250000000000000000000
0.9687450408935547319089209850062616169452667236328125000000000000000000
0.9712100982666016513178419700125232338905334472656250000000000000000000
0.9737747192382812944089209850062616169452667236328125000000000000000000
0.9755245208740233042732370449812151491641998291015625000000000000000000
0.9771175384521484375000000000000000000000000000000000000000000000000000
0.9771175384521484375000000000000000000000000000000000000000000000000000
0.9785583496093748223643160599749535322189331054687500000000000000000000
0.9809169769287109375000000000000000000000000000000000000000000000000000
0.9833168029785154251598555674718227237462997436523437500000000000000000
0.9853652954101561611821580299874767661094665527343750000000000000000000
0.9871723175048827680910790149937383830547332763671875000000000000000000
0.9892356872558595304312234475219156593084335327148437500000000000000000
0.9892356872558595304312234475219156593084335327148437500000000000000000
0.9909465789794922319089209850062616169452667236328125000000000000000000
0.9925796508789062055910790149937383830547332763671875000000000000000000
0.9940856933593749111821580299874767661094665527343750000000000000000000
0.9956901550292969194089209850062616169452667236328125000000000000000000
0.9975532531738281472044604925031308084726333618164062500000000000000000
0.9990478515624998667732370449812151491641998291015625000000000000000000
0.9998214721679687944089209850062616169452667236328125000000000000000000
0.9999994277954101784544604925031308084726333618164062500000000000000000
